% area | price | distance from the city center
% custom test data
80 18000000 7585.75407139
120 19000000 7585.75407139
140 12000000 7585.75407139
130 2000000 7585.75407139
200 19000000 1000
220 17000000 1000 
210 1000000 9776.06433796
80 4000000 9776.06433796
% real data
30 1670000 8980.88451719
63 3300000 9776.06433796
63 2400000 9776.06433796
65 2900000 9838.21527316
64 3100000 10352.1237257
73 2600000 7254.3816265
44 2200000 8284.29615497
33 2300000 7672.30338081
77 3600000 8859.88896206
52 2400000 8859.88896206
33 1700000 7585.75407139
77 3200000 7585.75407139
88 4000000 7585.75407139
76 3600000 7585.75407139
55 4900000 12227.6057372
29 1450000 8270.00453417
77 2900000 8270.00453417
40 2500000 10031.9975278
74 3600000 10031.9975278
80 3200000 10031.9975278
68 2700000 10031.9975278
64 2950000 10353.4106909
43 2500000 7323.30160366
69 3070000 7847.89093822
64 3090000 7847.89093822
46 2300000 6955.1183673
41 2300000 10175.5947668
42 1870000 10175.5947668
63 2800000 10068.3937864
64 2580000 8917.82487361
64 2350000 8917.82487361
79 3100000 8502.94130809
79 3300000 8502.94130809
79 3250000 8502.94130809
79 3350000 7424.07525692
33 1800000 7424.07525692
91 6000000 10303.5866089
30 1650000 8607.86986446
64 2850000 9405.56946437
48 2500000 6331.56654074
72 3150000 8578.70914115
30 1750000 8578.70914115
64 3210000 7232.39696101
64 3000000 7232.39696101
64 3100000 7232.39696101
64 3150000 7232.39696101
69 3200000 7232.39696101
64 3075000 7232.39696101
77 3500000 7232.39696101
91 4200000 7206.84908963
46 2150000 7206.84908963
44 2450000 7204.85157085
78 3500000 7204.85157085
83 4500000 9165.50690971
74 3300000 9165.50690971
80 3950000 9165.50690971
38 1970000 9165.50690971
43 2600000 9560.40600373
63 2450000 9560.40600373
44 2070000 7196.6044545
59 12500000 890.845513579
165 8050000 4178.85627926
41 2115000 9496.03400612
93 3800000 9496.03400612
41 1930000 9496.03400612
76 3000000 9496.03400612
64 2300000 5822.76808518
49 2920000 9972.11995016
64 3270000 9972.11995016
63 2980000 9972.11995016
63 3150000 9972.11995016
84 3500000 9972.11995016
49 2250000 9972.11995016
84 3330000 9972.11995016
48 2295000 9972.11995016
89 3300000 9972.11995016
48 2200000 9972.11995016
74 3400000 10349.5403331
76 3000000 10349.5403331
78 3840000 9674.69616567
66 3100000 8921.28184331
90 4200000 7491.86471927
96 4150000 7491.86471927
100 4300000 7491.86471927
78 3850000 10107.5228433
42 2400000 9782.21778335
68 3300000 9782.21778335
77 3550000 9782.21778335
77 3000000 9782.21778335
42 2080000 9782.21778335
65 2900000 8322.03694891
87 3300000 7294.26295045
86 3790000 7294.26295045
86 3400000 7294.26295045
86 3800000 7294.26295045
77 3250000 9708.73164987
30 1750000 8632.34200847
72 2800000 8632.34200847
48 2240000 8632.34200847
23 1160000 5523.54541775
43 2850000 6068.50122371
78 3650000 3651.74947444
67 2300000 5125.88079462
79 2900000 5125.88079462
61 3250000 10618.9306536
80 3620000 8970.63613409
43 2600000 8970.63613409
43 1700000 8970.63613409
79 3590000 8970.63613409
91 3600000 8970.63613409
64 2415000 8970.63613409
43 2000000 8635.91488307
70 6000000 428.875413387
77 3200000 14698.2134321
43 2530000 10632.1452094
62 2600000 10520.6610729
50 2070000 10520.6610729
82 3200000 10956.7162472
64 2850000 9251.42230563
64 3100000 9251.42230563
64 2780000 9251.42230563
72 3650000 10052.2117205
89 3500000 10052.2117205
76 3800000 8984.79491538
76 3400000 8984.79491538
88 3800000 8149.77715946
228 7000000 8485.79135746
64 3050000 9346.26978784
64 3300000 9346.26978784
68 2900000 9192.20913876
46 2300000 9192.20913876
64 2800000 9962.44046645
81 3792000 7868.43287573
72 3000000 7868.43287573
77 3500000 7868.43287573
77 3500000 7868.43287573
68 3400000 9779.14690207
68 3150000 9779.14690207
55 2900000 6671.21448025
64 3400000 9769.46523961
64 3250000 9769.46523961
64 3200000 9769.46523961
58 3000000 7649.12833807
45 2390000 9363.18661478
46 2400000 9363.18661478
55 2430000 6018.59620148
45 2350000 7592.00113909
39 1650000 8127.03794304
64 3100000 10100.7481706
65 2800000 10100.7481706
43 2600000 9663.89724057
43 2480000 9663.89724057
43 2050000 9663.89724057
41 1800000 9663.89724057
87 3500000 8153.96022548
30 1680000 8153.96022548
79 3850000 8767.86129908
44 2450000 9907.6480693
45 2680000 9907.6480693
65 3000000 9907.6480693
69 3200000 9907.6480693
64 2600000 9907.6480693
70 2850000 9907.6480693
42 1929000 9907.6480693
46 2150000 9907.6480693
29 1700000 8353.34837297
41 2200000 8353.34837297
57 1650000 8353.34837297
66 2800000 9774.64852918
66 3100000 9774.64852918
80 3500000 9774.64852918
80 3140000 9774.64852918
84 3614000 9738.28396156
64 2800000 9925.18551517
62 2750000 9925.18551517
57 2400000 5906.98442218
27 1900000 10068.5776811
45 2450000 10068.5776811
294 7600000 8482.67380349
43 3000000 9920.25010137
48 2350000 9920.25010137
64 2900000 9920.25010137
66 3000000 11618.125134
75 3350000 11618.125134
