% area | price
30 1670000
63 3300000
63 2400000
65 2900000
64 3100000
73 2600000
44 2200000
33 2300000
77 3600000
52 2400000
33 1700000
77 3200000
88 4000000
76 3600000
55 4900000
29 1450000
77 2900000
40 2500000
74 3600000
80 3200000
68 2700000
64 2950000
43 2500000
69 3070000
64 3090000
46 2300000
41 2300000
42 1870000
63 2800000
64 2580000
64 2350000
79 3100000
79 3300000
79 3250000
79 3350000
33 1800000
91 6000000
30 1650000
64 2850000
48 2500000
72 3150000
30 1750000
64 3210000
64 3000000
64 3100000
64 3150000
69 3200000
64 3075000
77 3500000
91 4200000
46 2150000
44 2450000
78 3500000
83 4500000
74 3300000
80 3950000
38 1970000
43 2600000
63 2450000
44 2070000
59 12500000
165 8050000
41 2115000
93 3800000
41 1930000
76 3000000
64 2300000
49 2920000
64 3270000
63 2980000
63 3150000
84 3500000
49 2250000
84 3330000
48 2295000
89 3300000
48 2200000
74 3400000
76 3000000
78 3840000
66 3100000
90 4200000
96 4150000
100 4300000
78 3850000
42 2400000
68 3300000
77 3550000
77 3000000
42 2080000
65 2900000
87 3300000
86 3790000
86 3400000
86 3800000
77 3250000
30 1750000
72 2800000
48 2240000
23 1160000
43 2850000
78 3650000
67 2300000
79 2900000
61 3250000
80 3620000
43 2600000
43 1700000
79 3590000
91 3600000
64 2415000
43 2000000
70 6000000
77 3200000
43 2530000
62 2600000
50 2070000
82 3200000
64 2850000
64 3100000
64 2780000
72 3650000
89 3500000
76 3800000
76 3400000
88 3800000
228 7000000
64 3050000
64 3300000
68 2900000
46 2300000
64 2800000
81 3792000
72 3000000
77 3500000
77 3500000
68 3400000
68 3150000
55 2900000
64 3400000
64 3250000
64 3200000
58 3000000
45 2390000
46 2400000
55 2430000
45 2350000
39 1650000
64 3100000
65 2800000
43 2600000
43 2480000
43 2050000
41 1800000
87 3500000
30 1680000
79 3850000
44 2450000
45 2680000
65 3000000
69 3200000
64 2600000
70 2850000
42 1929000
46 2150000
29 1700000
41 2200000
57 1650000
66 2800000
66 3100000
80 3500000
80 3140000
84 3614000
64 2800000
62 2750000
57 2400000
27 1900000
45 2450000
294 7600000
43 3000000
48 2350000
64 2900000
66 3000000
75 3350000
